# created on Sun Jun  5 21:28:59 2022 from TQSampleFolder 'samples' with TQLibrary UNKNOWN compiled with GCC 8.3.0 against ROOT 6.18/04
                     ||                 HVBF                 HggF               VH+Htt |                 qqWW                 ggWW             Other VV ||           $t#bar{t}$           Single Top                Zjets               Mis-Id |            Total Bkg                 Data              Data/MC
--------------------------------------------------------------------------------------------------------------------------------------------------------------------------------------------------------------------------------------------------------------------------------------------------
Signal split into ST ||              2132756              1893738              6758582 |             15612928              2288302              9023516 ||             83342224              2189654             18204404            418482420 |            551218114              8652184                   -1
   Channel Selection ||              1071513               948470              3475974 |              7838962              1147342              5000348 ||             42279549              1105973              9166864            213033108 |            280617635              4374979                   -1
   Trigger Selection ||              1071513               948470              3425230 |              7829230              1145381              4968817 ||             42279549              1105973              9166864            212902605 |            280443631              4374979                   -1
    Trigger Matching ||              1069548               947745              3374332 |              7814404              1142283              4799060 ||             42125877              1103157              9131501            211693020 |            278852461              4352644                   -1
W+jets flavour split ||              1069548               947745              3374332 |              7814404              1142283              4799060 ||             42125877              1103157              9131501            155293142 |            222452583              4352644                   -1
W+jets flavour split ||              1069548               947745              3374332 |              7814404              1142283              4799060 ||             42125877              1103157              9131501             95905244 |            163064685              4352644                   -1
        Jet Cleaning ||              1069548               947745              3374332 |              7814404              1142283              4799060 ||             42125877              1103157              9131501             95905244 |            163064685              4352644                   -1
Overlap: Vgamma/Vjet ||              1069548               947745              3374332 |              7814404              1142283              4799060 ||             42125877              1103157              9131501             95905244 |            163064685              4352644                   -1
    Only two Leptons ||              1066450               946847              3168464 |              7787339              1133010              4136879 ||             41630927              1094134              9082594             93703213 |            159601063              4323749                   -1
     pₜˡᵉᵃᵈ > 22 GeV ||              1066450               946847              3168464 |              7787339              1133010              4136879 ||             41630927              1094134              9082594             93703213 |            159601063              4323749                   -1
      pₜˢᵘᵇˡᵉᵃᵈ > 15 ||              1066238               946801              3038777 |              7745018              1125440              4024288 ||             41619668              1093918              9080172             93419421 |            159139717              4322240                   -1
          OS Leptons ||              1066127               946780              2909920 |              7736163              1123888              3956095 ||             41610174              1093768              9078214             93246942 |            158875900              4319096                   -1
     Mₗₗ > 12/10 GeV ||              1066106               946778              2903491 |              7733731              1123596              3954314 ||             41609723              1093764              9078182             93235207 |            158859120              4318965                   -1
          SF: Z Veto ||              1066106               946778              2903491 |              7733731              1123596              3954314 ||             41609723              1093764              9078182             93235207 |            158859120              4318965                   -1
Leptons ID, singleFa ||               714413               592114              1672183 |              5635770               804773              2003831 ||             28860832               779918              4042244             20839347 |             63620807              1585575                   -1
 Apply QCD FF weight ||               714413               592114              1672183 |              5635770               804773              2003831 ||             28860832               779918              4042244             20839347 |             63620807              1585575                   -1
   Apply fake factor ||               714413               592114              1672183 |              5635770               804773              2003831 ||             28860832               779918              4042244             20839347 |             63620807              1585575                   -1
--------------------------------------------------------------------------------------------------------------------------------------------------------------------------------------------------------------------------------------------------------------------------------------------------
  2-jet (30,30) fJVT ||               440821               133652               975887 |              2314945               147532               930691 ||             23753323               403606              1190614             12558685 |             41463194               975285                   -1
              b-veto ||               390195               115185               405125 |              1993309               128393               711061 ||              1533675                55435               997679              3026850 |              8583885               109428                   -1
           Z→ττ veto ||               334947               100098               191188 |              1124172                83446               380188 ||               933223                33231               305493              1611599 |              4583926                61311                   -1
    blinding (2-jet) ||               334947               100098               191188 |              1124172                83446               380188 ||               933223                33231               305493              1611599 |              4583926                61311                   -1
       Mⱼⱼ > 120 GeV ||               305494                62643                94511 |               811871                52898               272049 ||               654813                21456               210367              1119472 |              3213939                41466                   -1
         CJV (30GeV) ||               281404                52748                72371 |               660775                44649               215193 ||               508576                18369               178893               900248 |              2585928                33802                   -1
            OLV bool ||               243158                25017                29898 |               221548                20609                73995 ||               182505                 6896                61943               318674 |               913051                12189                   -1
 VBF SR: DNN <= 0.25 ||                47615                15030                25564 |               202445                18870                66191 ||               175153                 6458                56692               290157 |               832788                11281                   -1
  VBF SR: DNN > 0.25 ||               195543                 9987                 4334 |                19103                 1739                 7804 ||                 7352                  438                 5251                28517 |                80263                  908                   -1
  VBF SR: DNN > 0.87 ||                37248                  344                   61 |                  841                   33                   97 ||                   66                    6                   24                  468 |                 1879                   38                   -1
--------------------------------------------------------------------------------------------------------------------------------------------------------------------------------------------------------------------------------------------------------------------------------------------------
Z→ττ CR: ττ}-m_Z< 25 ||                32651                 8773                74379 |               168728                11034                99846 ||               133318                 5005               482837               678023 |              1589178                16365                   -1
 Z→ττ CR: Mₗₗ<70 GeV ||                28829                 7666                47657 |                39123                 1897                42178 ||                28012                  895               435523               553758 |              1109423                 9314                   -1
        Z→ττ CR: CJV ||                26509                 6683                42557 |                32878                 1620                35762 ||                22656                  780               393558               493304 |               987540                 8170                   -1
        Z→ττ CR: OLV ||                20634                 1907                20476 |                 8770                  501                 9202 ||                 6616                  241                97358               123622 |               248268                 2114                   -1
--------------------------------------------------------------------------------------------------------------------------------------------------------------------------------------------------------------------------------------------------------------------------------------------------
    Top CR: 1 b-jets ||                47125                16202               172955 |               292576                17177               191682 ||              8822524               225664               167414              4217156 |             13957100               359321                   -1
   Top CR: Z→ττ veto ||                40468                13949                99076 |               159971                10510                99435 ||              5399769               132960                55445              2798513 |              8674163               220476                   -1
         Top CR: CJV ||                36417                11725                72623 |               127445                 8828                78685 ||              4402265               117389                47078              2272351 |              7068580               182044                   -1
         Top CR: OLV ||                26331                 3430                13507 |                27433                 2338                16981 ||               994974                27140                11249               498722 |              1582752                41112                   -1
--------------------------------------------------------------------------------------------------------------------------------------------------------------------------------------------------------------------------------------------------------------------------------------------------
   WW VR: MT>130 GeV ||                39678                16408               111778 |              1542173               101967               404239 ||              1205045                44627                36344              1179964 |              4549553                68076                   -1
  WW VR: MT₂>160 GeV ||                22984                 6514                27926 |               700053                41766               164668 ||               273443                12115                12874               335427 |              1556484                18605                   -1
          WW VR: CJV ||                20403                 5493                21450 |               566478                34857               127501 ||               194769                10104                10631               258099 |              1215454                14452                   -1
